# Normal
min: 0.0
avg: 2.586732700892857e-05
max: 0.0007587619047619048
std: 5.34152125601e-05

# CPU load
min: 0.0 
avg: 9.627542404901416e-05
max: 0.00027552380952380954
std: 5.03136993245e-05

# Memory load
min: 0.0
avg: 0.0001537326907203311
max: 0.0007797619047619047
std: 0.000138014349348