# Normal
min: 0.0
avg: 7.633726574125744e-06
max: 2.357142857142857e-05
std: 5.55707042002e-07

# CPU load
min: 0.0
avg: 7.332288469587053e-06
max: 6.959523809523809e-05
std: 5.17948682472e-06

# Memory load
min: 0.0
avg: 9.825740269252232e-06
max: 0.00011123809523809524
std: 6.09483044318e-06