# Normal
min: 0.0
avg: 7.906347365606399e-06
max: 2.1595238095238094e-05
std: 3.78889486231e-07

# CPU load
min: 0.0
avg: 7.971236456008184e-06
max: 2.1976190476190475e-05
std: 4.23175701254e-07

# Memory load
min: 0.0
avg: 8.07771955217634e-06
max: 2.1595238095238094e-05
std: 6.64231939044e-07
